# Latin Hypercube Sampling Parameter Sets
# Number of Samples: 1000
# Seed: 123
# Columns =zmean alpha kb b0
# Bounds =zmean[7.0,9.0] alpha[0.1,0.9] kb[0.1,2.0] b0[0.1,0.8]
# zmean alpha kb b0
7.3246352962735042 0.48715694318495817 0.25348131624173204 0.71027093973251099
8.8876481881978293 0.4329503243946754 0.1020456445037486 0.24680639792154205
8.9863604908768142 0.12408808584551106 0.98632535613506378 0.18242852477925187
8.9443515168078047 0.88542898962929995 0.62679121260075399 0.57345904185678731
8.6421451854829492 0.15421447344911487 0.19348166225562186 0.61903728447420314
8.0075368887503657 0.61346727680540747 1.2523542009598541 0.45939209275156934
7.9916313240251426 0.54238808406659178 1.5564048468651082 0.58039022967027176
7.536162799016453 0.76749957279541159 0.62265746711215952 0.17779471682423437
8.4895637142534994 0.57210709805540938 0.59451157132089461 0.69480549429679084
8.0744059128936332 0.46170782262972498 0.36543106799828884 0.40483107054117884
7.2598570263867535 0.24593340927187915 0.64104797784070378 0.69236452544772753
7.2976527367276489 0.52294980619499942 1.3919724984940991 0.79647721365487545
7.9710065963164096 0.21082534997245872 1.0820573883865043 0.24541970624656337
7.4499936377814135 0.58369514580174742 0.63470584114032969 0.54840089086010191
8.4863297953053838 0.84190680699887188 0.29139444056717856 0.78753228452207746
7.399001026499394 0.49939295174319687 1.6664244307359792 0.45039379174690997
7.539207691111165 0.10318221176966411 0.36700823350248091 0.51466350911848935
8.6781077731579792 0.30685173913586761 0.30237728133414798 0.32503661939921435
8.9171828180400148 0.56833696342491902 1.9827663337207762 0.16265813131815776
7.9327797103433966 0.41860489671414436 0.93518332239117485 0.53868803850709435
7.7759882199333648 0.70739481682388328 1.8573526056566227 0.4139570083736388
8.4773912778064346 0.22892734227025893 0.57129409586172486 0.57297678779488592
7.0882044634221471 0.4181299767595118 0.71215698699002417 0.31434080948135862
8.9426894296459771 0.55741703723617941 0.68683841851698968 0.60580294020275116
8.4076969224939617 0.30810138164096956 1.1788596591607732 0.29457879373687135
8.5688815006457322 0.82845695499731842 0.29786866489903724 0.47368741803712977
7.7112792926012164 0.35388759205053399 1.6391309492357378 0.47851673928453675
8.9226238031728364 0.21828075787811574 0.23539370555049999 0.55269477310188531
7.8195125097908589 0.48381614284972407 0.38809576278618163 0.33427001143876323
7.3707747166563635 0.56036422767984673 1.6926756781007073 0.29929353200020181
7.7940788925432498 0.50836521379311994 1.0164090941180219 0.23741821852605513
7.281695404414501 0.12228398043875893 0.49622211673810535 0.58823464652660995
8.113455910493677 0.43825590324244479 1.1288425499343349 0.13873825315611393
8.1635424910931551 0.83582526541530899 0.42878569178797032 0.11349257494608504
7.6439313263034823 0.2336147063726467 1.5648838572840453 0.69551452668284419
7.0001653516969311 0.28313568982688819 1.0103760401619815 0.10899872582184006
8.4456415178445425 0.27457226122136064 0.17619869429243701 0.27257748597174941
8.9739230326355948 0.38374775579182996 1.0385709428255845 0.23275557842040825
7.8966813799622262 0.89258782709424533 1.9170611642069622 0.65235076386236357
8.6170677224828314 0.70543431235146759 1.3104468429351843 0.21273790037234019
8.7497301886921619 0.45848028917298556 1.062744916583007 0.10971027718974584
8.3037638466195336 0.42179243993833182 1.9903319592226041 0.73646579377947552
7.1975207628920277 0.17406497296806167 0.11492826635915088 0.6700431311420143
7.505084428146291 0.58208493587892984 0.97627112103871538 0.51757868942271035
7.1066168633253692 0.44017440873832547 0.72013172560934102 0.35762702637366073
7.0408982439051568 0.39582478997818327 1.936270428298426 0.70252881011341684
7.5698333459655789 0.3745949103266053 1.3097974546578479 0.42878045169407064
7.998023314283766 0.84927955373472386 0.80786150701792936 0.47105558088904365
8.3504198672434384 0.42011241432987467 0.13331012224352767 0.72215124749839044
8.6858687223669975 0.62953614878473907 0.95853971984925679 0.59471145575308149
7.5444452520993286 0.36541637919296321 1.0149985921952065 0.13677930442551806
8.4233806280157211 0.78945839127786133 0.31419074150398452 0.5348033519331461
8.9400118554505728 0.71010346060370866 1.9725226732733492 0.69756550801243622
8.4972691225899997 0.64985026120442013 0.66480288000332222 0.7248780736874828
8.7517099598281884 0.53943397919790359 0.72806515710500475 0.51515859330709712
7.1251813317817518 0.27197782799441056 0.93842033658433222 0.37860995267680375
7.647067276346263 0.30883788048894356 0.8349910795540938 0.10405099821836662
7.4713169759164417 0.1700752431711639 1.3826910294420993 0.64041924316102949
8.4809795755408501 0.6698426045781164 0.33060752394827547 0.3219976270719323
7.1917844369434434 0.885950660136955 0.16496417412701669 0.79385804101811785
8.9304650760943183 0.64161503997217739 1.070846222749861 0.78872573158375403
7.055693341539893 0.16673529454894015 0.4810814091626554 0.49895510941306165
8.9754416337537872 0.4780873917965236 0.5284388446834809 0.73857098277552302
7.1410219525943734 0.46253941792773123 0.56067311053317659 0.20124997175878961
8.8723880450382353 0.45265089716265416 0.6189103508396061 0.23812861040475622
8.6340932454959507 0.33903212560335583 0.99635778316226475 0.10458040885558198
8.2577024883760277 0.38956821870813829 0.26653137458883069 0.43057424859412163
8.5802220299322354 0.34701333522446642 0.85060582298661158 0.54164453322833472
8.1758434170112508 0.7370356955298536 1.8155711745936272 0.13712054682423566
7.5234515803794455 0.26949702094828598 1.3677399365167568 0.21240428439693104
7.1261998492287182 0.37240603316751797 1.627584831106702 0.20978565981376127
7.0538012289668321 0.10865492040516762 0.78918592047784386 0.54654723509632497
7.560242149197741 0.13466136575532567 0.30055644307029533 0.72867090067928963
8.4027766645073285 0.76105462257486023 0.86814597343278332 0.55189237520811241
8.8574136715202965 0.73449059313689302 0.95619873594008098 0.69609424404936038
7.7674474530969659 0.68835708432411891 1.4441775283662699 0.64009778635019199
8.1292934429066097 0.65396660553770469 1.5451740899104662 0.41445463070755595
7.1716931755798212 0.75942363057056861 1.3289035307798784 0.40594758263984776
8.2812300165748685 0.10214097588106197 0.88678814497512526 0.79856683673490925
8.7080447301536008 0.22565705041274089 1.8847372055645291 0.30400127942651584
8.0989512943038626 0.85593326685241755 0.14542751395060197 0.28641654841664799
8.0080840646452156 0.76199180058102811 1.9277980649469901 0.18691981065043084
7.4603389458156606 0.59813079048787643 1.7935083446003717 0.5325008914455871
8.6096735240438704 0.82183085397005051 1.0091311382502404 0.10588775207788909
8.1769525883016243 0.73364762590156285 1.7420014848586778 0.48367061363800068
7.5594167728385662 0.44721631150480212 0.54874432225462555 0.60183030364626655
8.9098257861218055 0.50144678316973712 1.3894608881835846 0.19294639358534882
8.1218963197093608 0.14844398949638185 1.6575012274659848 0.1857761310452728
7.2324330250498301 0.59894258186233484 0.82762342432191838 0.42281582341870538
8.0730193629867841 0.32220468091322224 0.20653631110330886 0.63288536346323121
8.039156592071496 0.7733223010122775 0.81996500160133334 0.43440004338707661
8.1065683411378515 0.19513949210022485 1.2164846918960035 0.39218589991990838
7.1585200869522954 0.11860574199149804 0.74164404503338333 0.36226953032344722
7.3916853031994822 0.80421656972706523 1.8075956078297089 0.76116370366116548
7.5882005483191426 0.74879485683005764 1.099672282424768 0.75748210581283804
8.9047096952375338 0.22527433820621884 1.1438143649864432 0.77903598217928727
8.7198094344135963 0.28874578244401766 1.7238530556328047 0.68862786041042789
8.7121644867316288 0.70897009742868888 0.92429900521728403 0.29013846115954023
7.1451692174165498 0.54643646167341675 1.6193744824690668 0.12066385403533494
7.8849420756488531 0.48257455738110766 0.29405071516966563 0.62033045784605145
8.6412733415633625 0.65581676319755966 1.5508436564642367 0.62319691358821616
7.7164661557756826 0.61683240238903891 1.4948405355176142 0.68114855691157794
8.9701986804851597 0.69224315973238071 1.2325035685665306 0.60924051607047913
7.1938178486131887 0.87381638248518978 1.0557978920382409 0.483578271810161
8.228755814409741 0.74775618519432929 1.4178320533051738 0.19945733082194975
8.3473312209600117 0.71949934962635176 1.2809955423773929 0.49345121750941645
8.3932626476806966 0.8311204963398493 0.94850390241668225 0.13331641665635424
8.8202292423559641 0.84773486851699376 1.83414139155663 0.64501507796333135
8.0886179805232796 0.8700621494007893 0.35740809913135085 0.46630284767211638
8.8539464039264359 0.27269347261318277 0.90232228059534281 0.75246497717119931
8.8182659456769326 0.29543423780031375 1.0006344761466568 0.3066029661461942
8.4726124946721519 0.71708790264305466 1.371379049909742 0.1861838906844952
8.1654519240351107 0.79771678469179941 1.8316824070749418 0.74259986953415602
7.9796058011649649 0.63697632146929262 1.47494983805544 0.68040985732794756
7.6047946549542056 0.53201067605044372 1.4855486769582722 0.4002348689005738
8.5143244242189322 0.6426688702752954 0.62588176676581753 0.26903823691101325
8.6996792964199123 0.23650156313877088 0.81298490188982586 0.530182643522223
7.6806770837646434 0.58488052388489031 0.82256710233105113 0.53673556031008196
8.1431750530809399 0.6901470937330253 1.5753909412071736 0.11127220651239328
8.9533141993706131 0.44420685617272326 1.7844102743402548 0.1015135969703299
7.4895285992289367 0.37718123550732507 1.9284995576904478 0.32093631019174146
7.1508729946986485 0.3981626090906768 1.6010238910367816 0.47471891751339379
8.788741079893974 0.85605236198046608 1.6989627213000247 0.13361311145402335
7.6798199720737017 0.30000943077806075 1.8713325850354665 0.61199404208331176
7.0072870269240966 0.23903753064977473 0.20833314003765585 0.28393534482899718
7.5982397846321099 0.32395436205643502 1.2061775978029445 0.57889129085454272
7.2535101751470119 0.83281843745894957 0.35579352092082606 0.54998915087649736
7.8951610196867756 0.38562213948762958 0.96808436666512487 0.36761491939742375
7.355727815936663 0.63305176227812265 1.9655069821247864 0.56413937512406531
8.9781725776985688 0.46961246927484701 1.6620310104473035 0.20892985607705947
7.7390683946573109 0.16854888794243228 0.67666488458078577 0.67313346961681053
8.6740798825006014 0.78686571703525121 1.5585615600454259 0.44234530740742162
7.3793049382073441 0.56126280115412319 0.38950693602857334 0.301788610414293
8.555148664339395 0.57342219369937431 1.4763184012001764 0.22658090508131964
8.0587622343029839 0.40828594786246764 0.55098609945003474 0.45465361220504352
8.0832073583698065 0.606187987636572 1.569100201724779 0.48169863255927026
8.2406171248599218 0.35682294804889936 0.34721504536123904 0.32999958762378273
7.5664841903154914 0.45308475977303131 0.50557964233476282 0.45410197182549861
7.891012702717588 0.26142643442997493 0.18586392947757524 0.21848249303583753
8.4376418174089327 0.68472773718415136 1.731893685857276 0.42145148911447528
7.4521169679018557 0.2421682184404037 0.5272924345288994 0.32140459593836634
8.2049548066177724 0.85711546362615465 1.5354465392963663 0.3815331814123798
7.2428302060589029 0.40575822972174191 0.68205025712217937 0.44672053277465895
7.2025268387360351 0.10033744993224193 0.82891645409378245 0.22502261577837521
8.6499553478594695 0.87517025743281318 1.7217168408555505 0.22543861874687429
7.2865855471740861 0.42609208839589641 0.16368889361750205 0.54391332004956938
7.2464246142543125 0.5795118222521205 1.3865867801574205 0.61661455463608816
7.3187540672760916 0.80962409468103913 0.7382517827920807 0.62165690095704684
8.3958077903905668 0.84382264694569664 1.7922555768299844 0.12791830944795551
7.028568074347656 0.33972045164328679 1.3574795970660463 0.60734968018734303
7.2159504654195503 0.55043157183626368 0.82399275402353778 0.7193218911965803
7.498601452863408 0.32636285491249273 1.2222358142248022 0.70362661364824064
7.9115446466081503 0.73252868086884115 0.31635084085517551 0.25949407835041993
8.7319875796457218 0.31092909528024137 1.993491095864677 0.16760418017460399
8.3494301669951607 0.55957461473332748 1.9619517814551601 0.63871595789528823
8.2887742031587468 0.79698873941879478 0.35271381831856474 0.75349243755239237
8.5001196227858777 0.41286690240447999 1.5285355373964429 0.10804940968114157
7.4835514386014248 0.49856553798992775 0.2316031806873439 0.56621858040904793
7.5118813315572019 0.72525357220211195 1.7865073895878969 0.76034102532681436
7.0329383577224132 0.192343849476486 1.716630119328135 0.12104120897359011
7.627350036536007 0.41488542791597849 1.2889656658162261 0.72418764705287042
7.2192425104038778 0.24699151635477656 0.92753835276434626 0.51871683725229811
7.8703126677334208 0.38271014623791499 0.77344985197744487 0.63927840212712961
8.3589915224861322 0.7423431983539569 1.0954062076437465 0.56936493296910029
8.3258523163171496 0.21269622632189161 1.4098110326874673 0.34643809123883168
8.131930474043827 0.66111814796484158 0.6501402699961949 0.6480723440507048
7.0904392559099181 0.39943625549504691 1.0539247576063648 0.61053524168273876
7.9425689911292796 0.66851191584261738 1.4611997128140823 0.11496566880884623
8.1837669889314011 0.56784062710116212 0.99255143648965516 0.74427308383102564
8.0629142306030417 0.24294180331321036 0.58679940005744857 0.13241573030374515
8.3617213690714625 0.37056815815845812 1.4503118488762319 0.62957371586929101
8.0516365025520251 0.77167737579564455 0.86716373081902498 0.62098664167700535
7.1648235071023993 0.1264948421906055 1.879999685633861 0.56019771596201684
7.1130558495497702 0.84041907170529639 0.41586465284874641 0.31180972450229127
8.0126094575561222 0.33817703080083894 1.0421585556892867 0.7154449994859915
7.2269482871661301 0.66460179504039907 1.7274415910011396 0.27875714745529129
7.6555061292992876 0.107855499442238 0.13421791566013891 0.50727089497904232
8.3273314697702805 0.5876813229195158 0.8887637967200529 0.69970523634213388
8.0715567635722074 0.45109865366983604 1.468454870094986 0.3663043719340674
8.7258114424234794 0.82683604122723586 0.10002195440910143 0.71115384964643191
7.9048752322815359 0.44141185326382637 1.5846809396967245 0.17874110699182436
7.9680600397733112 0.34238796763212292 1.9671084416571001 0.44131779634803481
7.4385393810902443 0.59940064595887765 0.94410502840306232 0.25430177922732844
7.1308966354309593 0.33416779708036171 1.2383491568060323 0.52530118648059776
7.9292849261818326 0.71616389974793171 1.540722989082902 0.53797701392590758
7.1859526240271236 0.35119329351425277 1.5461834307725488 0.78449426739420236
8.7607951088222347 0.39472741467845218 0.76457182811491531 0.72618809050566302
7.347161953920482 0.4771978336506687 1.1718716579331507 0.21135881986349925
8.5858268599058505 0.52845673384093961 1.457940379829592 0.39624850564911474
7.3153083042052627 0.79001191552156391 1.3944575042221783 0.43835534651011421
7.328513128120572 0.32765526386596167 1.7728714859763168 0.51000949915100047
7.6144458098321977 0.86890696796093347 1.7296259539668637 0.61835156976385164
7.609790789100801 0.87831061860816084 0.70772520538672479 0.16465906625114596
7.4304274719194394 0.6326966476211171 1.6048048717914645 0.5239522934726899
7.7922133107114462 0.47120031310085131 1.2992019870740883 0.47073375251669347
7.0379516731256899 0.29719362266514626 0.69377290767997957 0.44229753716122266
8.1382626952101464 0.61828305274278794 1.5238086897848389 0.23561623958228622
7.0271714148394802 0.8516240902858252 0.14638343900761552 0.17593633645359136
7.0592711214576518 0.76476763014353843 0.84455945127579723 0.62386320631727377
7.9407879644601405 0.61866538222663725 1.3747472836491212 0.40292514231772913
7.5855302592725122 0.66334829508124271 0.66285637705880129 0.72667385094026438
8.0180561943246431 0.14246731896500928 1.9493762576545646 0.10314380923803811
8.8583646919234109 0.43236026992397547 1.8636415243831521 0.14747388031669806
7.3689739887077677 0.52681311551676147 0.95027916379775379 0.12693634768999806
7.0087720193620564 0.69791566549780182 0.13809008729212496 0.75644631613363267
7.6957121650376319 0.86501646381262054 1.893137387812035 0.36370364797782939
7.6076411317770258 0.17961797775209237 0.89722196613081706 0.75451738295441639
8.2186496316136974 0.16753210190498413 0.74870304866754789 0.61570049761633583
7.8402256305615552 0.77510691535916521 0.99350244583355785 0.14821319089746737
8.5450032193606535 0.72782688180495558 1.6455477367050344 0.61786261799672959
7.8449942621345556 0.17597511275492531 0.47763113946135449 0.21778522356386765
8.3869606207577156 0.40200389178009732 0.91579067167236783 0.65053232162474417
8.8074738660635052 0.66648802297601062 1.7068049927107616 0.19518723842342645
8.5416209949624839 0.19567274303548049 1.3824814547837987 0.17731800698251976
8.7840934476979555 0.32275223639601558 0.87290657234208957 0.38275507684675736
8.7409188584987465 0.64665164107689721 0.31158103751460375 0.60640276093250645
8.4932641966499638 0.23008931167526261 0.55436144674093368 0.22316616258749822
7.5574023470004779 0.78457020370740604 0.55603537866537878 0.22144875941477421
7.9756375682134388 0.11132163408506587 0.21328988164275364 0.55893047115393313
7.9633256867811282 0.71427979555383081 1.7958514086335715 0.25781555172889015
8.4510943267081835 0.17249494964171336 0.46056358077790305 0.37309890805680868
7.2722739363457833 0.13554982557236045 0.68765068518250905 0.44936231408836225
8.3776790833884949 0.22149811832119407 1.8096231509755756 0.19548604049228618
8.1238533144250056 0.6850129370272714 1.9714051847043184 0.52488204326304766
7.618067408605774 0.47971738060136437 0.30793716478618072 0.25716195668811798
8.7207055918659186 0.60964626273725497 0.87414149290531207 0.3657741395466364
7.9479190311358785 0.40348411143095764 0.18470101461588129 0.38843124091908476
8.0948295924207443 0.49709276995787233 1.6738813637543288 0.31871990411951046
8.309223993694463 0.55243118826616611 0.83590254902717032 0.76203281108691034
8.4416349192988598 0.34888059158996759 1.5009026576502025 0.11269009036319286
8.5992653657471987 0.28513930641462149 0.79615182506813142 0.14137376656881306
8.4942451354575788 0.50219178404284726 0.70235973153176257 0.6338394382457786
7.6307806609706317 0.10640541471230672 0.22272636045370442 0.30745068658608776
7.1820233899891326 0.83629656587146306 1.7707505240764592 0.7973482875067881
8.5064241794180813 0.80564158758059212 1.4667670651592324 0.55062425554773842
7.2258776396998581 0.58633622550249254 0.65297162806620868 0.19042368522073244
8.4128132468713517 0.46808002281096139 0.61514674828635507 0.40984829663590494
8.4143810960589995 0.88864075740061066 0.76883070765685513 0.28947871654628371
8.389440818728815 0.71825414717605252 0.44474484518418111 0.74546906324219697
8.7348914517726453 0.24956881275964493 0.30699865458576192 0.50003720563192822
7.8162201121640109 0.74033332173380784 0.80348178893204769 0.32271428519046202
8.7597369363801967 0.56525683692693229 0.88279275216096575 0.42800681572981103
7.7502830878432674 0.20657002551631043 0.86506445147690703 0.20310098187442141
7.0845749217523286 0.71480685808695177 1.2056026462576397 0.21905167757146937
7.9588548391939575 0.54545727220926676 0.15191956167351481 0.73366026646167293
7.8877771000182308 0.38526000829793128 0.1684956577233373 0.67848883070574173
7.0564303462826734 0.23507883954944916 1.448492530712965 0.24352580851271241
7.7478384266542388 0.81688471785828598 1.6445792373208348 0.69808390366570272
7.299972402006059 0.83847813385814041 0.7525840576884848 0.60012386347052649
7.0952229891543759 0.38984217666434284 0.37233243414503348 0.60847882462025471
8.4990769635177514 0.26304839465082475 0.85319892765643546 0.78464266718298947
8.79140185530105 0.20843161889824421 0.96059062629561265 0.77684028847810616
7.1496011108788444 0.36029586880807563 0.464282344403111 0.25053512861147748
7.8231675969940682 0.73550062401783667 1.582825538567354 0.20395208872912324
8.4312006291890587 0.68924308660671207 1.1013075681114366 0.31413554679811495
8.0040677075290816 0.74539725729159279 1.8369837082499978 0.43723834567953235
7.1172171226504943 0.47302998019029563 1.4263434578353789 0.77449458712695085
7.4967807097824641 0.8837220359561706 0.73990204750659028 0.65864175792330792
7.1601219029154359 0.67841917205050462 1.2552413783656104 0.69296795004420786
8.0308785958985069 0.12615264634657386 1.6819560010189452 0.36089515983692433
8.3213647461916036 0.11778691636704784 0.72521441947497889 0.10100102217088668
8.238573493970879 0.766980735824218 1.7436994584831607 0.23192858758010715
7.1426754989732624 0.61930878611122453 0.92209915532063635 0.55416832659692228
7.550885713380854 0.89454596633542194 0.7082692066789279 0.30086488848197701
8.9644147803944936 0.77657979427373891 0.74769837790255889 0.74729221186513661
8.1597565549032645 0.41010127228252269 1.9116787751116189 0.30795398620550724
7.4582502109622952 0.35939820532170696 0.17581399793992722 0.560984810405601
8.6533385745336719 0.85281767495043803 1.8462619251747756 0.48436029178453899
8.3223232309880473 0.28740056368032485 1.0828495551137245 0.3747311431611311
8.7668354434394775 0.64041579148849992 1.6646387212884639 0.24898726776566016
8.9335135417683702 0.24781266309411545 1.828352230686922 0.59597332354900112
7.3311133925945278 0.89126682066613616 1.5987883107850904 0.34119705507916875
8.7934992358754283 0.52962453085799233 1.9420388491732885 0.16888169890838195
7.1780779460241799 0.61384942601634651 0.73172694408964689 0.6646445189538378
7.9504511170082592 0.5428728075788074 0.69516177804204782 0.35115962847185722
7.6619525906531631 0.61654809589452886 1.2462343225370438 0.38560461204490382
8.2875909099564584 0.27374928525154418 0.64605546151630422 0.66876930285291358
7.8501689287191567 0.31316042580797221 0.15024813895099684 0.48777343224719016
7.0307528785912954 0.12977895991309879 1.898191485414527 0.40743547154071358
7.7488226344186426 0.14983902348118225 1.1672644821959182 0.14399358487924876
7.6328696878597935 0.49541376423632399 1.4023584905250059 0.6759756806154299
7.9563864068418431 0.46145917649410773 1.5318113684400403 0.14279725258116607
8.0035924646279 0.72055730001070606 0.99878306474800171 0.19695214930013949
7.9674737188695293 0.47679561428394823 1.3549363173283098 0.41649253279588783
7.3394886494827629 0.72351521782914563 1.5781096589618286 0.33519781627689416
8.9628903188188449 0.75191153418124046 0.39074308866735641 0.65674870445415967
7.9950153404046853 0.25244925859238365 1.5058107524575146 0.71829560881155974
8.2520669594814997 0.79955422511827956 0.56822316389730887 0.54295996123738477
7.0475967467908189 0.78558419249422062 1.6908533131648205 0.31995167686182469
8.9687892519833081 0.29112927954137463 0.43422434597385207 0.42036365779733931
7.7806560519460355 0.88255112442829675 1.2786685528526271 0.25674004024384556
8.7731681617169919 0.26870941669844284 1.6534688496715073 0.65937111594267428
8.4543433325580768 0.60349441899006528 1.8950994435333153 0.66832858793043515
7.4323021592226883 0.37639799271199037 1.1353435017972766 0.49138526434921359
8.2649128076656417 0.13765102328497159 1.2133291834844095 0.39523626463064576
7.7053353644717593 0.78630668509958856 1.3232584911996186 0.44541475777585682
7.8593701719249793 0.76042696637534346 1.8040738047996583 0.52702286873462068
8.7869655805565046 0.23333646939411212 0.4106368140680724 0.12542576836764766
7.8391213296301281 0.84117069282547807 0.84953457383654729 0.6798373591129282
7.8034367941368545 0.55458606974866131 0.50956858996034793 0.53900272269338034
7.285279066674482 0.28944068017847335 1.465580039781641 0.67534147496988073
7.9886966509680377 0.86300795328769986 0.40324083267560218 0.29509398569462386
8.065481736735018 0.67126313508287005 0.29194283022129741 0.22336837526595382
7.2121655283534345 0.59342020866138923 1.5192829915958159 0.15436714152560949
8.0616296438613588 0.89107474699448985 1.6333253668165413 0.46107185931771877
7.6292789900311213 0.43917220112546707 0.53566949262378705 0.31105854259158516
7.3577477129217943 0.41418492571719956 1.6103957701024558 0.62711630469050872
8.7553875231366547 0.18234966837046687 1.0901443357965135 0.15701729145405613
8.6328593871320987 0.36929320215785499 1.9341456689665897 0.55128752545054616
8.9508155577335309 0.11580134531171701 1.5431923469941471 0.32873275138475078
8.9461570672362534 0.5636104046174728 1.9684626584820195 0.48527792357931288
8.5942369693928082 0.62679840680183885 0.12668439832331538 0.65593786522776498
7.3082210353316626 0.59633099276802104 1.4218326772200112 0.77258050923160981
7.7886470688051208 0.66076250721559737 0.95199463402679507 0.38319873026972551
7.1376100594603402 0.56650040734249962 0.2780755209250132 0.13632167956609592
7.5214527084377245 0.35563861626076121 1.9476265914050148 0.16163508570617141
8.7792850969351761 0.4513430094515416 1.909212579657678 0.64227944439436968
8.9386851837477703 0.21545999749606487 1.8419242228698127 0.42624664192773565
8.3558726565721653 0.10635055458783395 0.67274818439594175 0.79558071519578843
8.5648943297900946 0.73096275741947092 1.5081153336169579 0.57008184986085775
8.8017743239363604 0.47098152898386514 1.0192948987181545 0.32330780631132039
8.2244704042450465 0.51500899583307369 1.8400076243705532 0.47610317679452629
7.0144327977180865 0.81640134273264964 1.3370470310474127 0.67369685355285736
8.8448066590213763 0.74315023860198193 0.75067386920613022 0.52193975218550359
7.1357563995422062 0.46931033815616641 1.5333669634352796 0.38500794670711547
7.7093337380505291 0.52438748829068504 1.759331107665669 0.75029246217716827
8.8228700157923097 0.38831736355116042 1.8211700079459965 0.37968795363268892
8.0431186022354524 0.25540346305413753 0.71500128211151304 0.51344554206040083
7.3118791580231797 0.54860245931630192 1.736556985898366 0.65487925600235641
8.210812032461746 0.12371070187558833 0.43517987985833007 0.21014400566181757
7.1771897028801037 0.610491621947024 0.3203887104324869 0.60460904820643713
7.5068906466628409 0.75107314766944255 1.4332343350007362 0.29653257131304295
7.9863736767354299 0.44699485426084917 0.363234559344214 0.37239325866541173
8.7470516766099529 0.41689614048985812 0.24133456104538234 0.38363606819689577
8.1952200716926775 0.77956070077263495 1.4052641818015965 0.45162494579368451
7.2019577294213155 0.74900218605776758 1.2400130475567823 0.50043015623363818
8.1527421943494733 0.72817213842984241 0.48906031690519625 0.19347665924724319
8.8285197238628008 0.60229535217898511 1.1919493363952414 0.47997919556560975
7.2374829752602396 0.49431060869648891 1.1750095477770275 0.57416514250182904
7.4020853229755659 0.63156335474548586 0.21794185231285934 0.16694401961249272
8.3065766382191981 0.52372800239302642 1.49742773790592 0.22239575457529076
8.1264649923662517 0.83739024707099796 0.81730667011913771 0.33101894933638265
7.1750608497557167 0.64567221347899451 0.53919497874586586 0.59804843423281029
8.3417312372249626 0.29825190113184785 0.19799759658695898 0.40559444044957671
8.2464628866655616 0.43380430564285843 0.9187466529207029 0.53444276615178343
8.3819215193849868 0.3054179351553164 1.9069836414221568 0.3721128513105294
8.0157813011396364 0.29865205233221614 1.8706181488081757 0.45635911642751381
7.1727466125002941 0.18904654808367624 1.9229493777878492 0.36014732067657329
8.2779392522457371 0.20457081595283988 1.6369861879276073 0.19886014681826011
7.4091398227363205 0.67226001831749937 1.9623133450888475 0.45819304175816655
8.5202507665876333 0.5127000312072284 1.0394988362562207 0.275855823260441
7.906520315370928 0.18587134868246527 0.9330262522162821 0.40224575636972648
7.1475230870937043 0.29439254674043536 0.96554831235774641 0.50511425300826607
7.8015183694611254 0.69308917588596441 0.87110196973466314 0.63113444651399209
8.6125070304237834 0.81408237663398164 1.8503411857238488 0.34907365083987785
7.2652348439552865 0.17070259707779062 1.0925941617023478 0.42739278646721668
8.2360151713569714 0.34768816947732684 1.2615865795257608 0.28188311169478319
7.447653169615009 0.70878900810641532 1.8247485967303718 0.55346025267469834
8.4484098240925665 0.74385787160962225 1.900495630386738 0.7461515672198934
8.5672338150910523 0.36787368283263333 1.0654128260893947 0.31618609264321884
7.6101124479919333 0.25684178358194432 1.0363037250953857 0.57582016459922147
7.1686386728842777 0.60692644298425136 0.52344351103591391 0.43145364768361505
7.2299886651271308 0.75260386750203212 0.60232385575215297 0.67751708425600921
8.5118815077323617 0.52072727966360732 1.7464198367758097 0.23312432885505946
8.4536581638187336 0.87553991921282626 1.5604632332990518 0.76327190582181803
8.5517056975952173 0.14412219681222246 1.510902437808848 0.28478121237548182
7.5747752921718661 0.82619398536007016 0.12895541605660416 0.33939172951313745
7.4931673159059109 0.88988831339771068 0.61808745379376839 0.26493790589154331
8.8832197301259157 0.68585500862092552 1.2857339909980003 0.52564966588303075
8.4215596057823632 0.3803615993376992 1.6476501662161009 0.53594176292215379
8.5326517694390454 0.82092034250955537 1.0638839067007975 0.74803065750471265
8.7162722675998783 0.6490101146553916 0.34435620209908951 0.58607163705003995
7.9925545137144614 0.17621651972603283 0.41277402037871658 0.70542071230881609
8.6666766212194144 0.27716082768104477 0.27180064175882995 0.38712019218629456
8.6022677036343449 0.51391505347218114 0.20308657506300887 0.48942117120246276
7.3929907408131745 0.69393144440635379 1.3339652343161694 0.55674670347806887
7.8152645922771331 0.45383465848929905 1.6179451736045967 0.63027910769403683
8.3749100079992829 0.44812791734036039 0.52102286361277039 0.6624820193551102
7.7729968909935634 0.76969418066997508 1.0885722952791934 0.58405399505894906
8.9574580502915211 0.40481572396719712 0.53248228391339958 0.29855204218014342
7.5792841077822288 0.4110691822295568 0.71844157497979644 0.56888998159292392
7.2774741955153068 0.39299673533482904 0.78372894177847008 0.26306575608003202
8.028206086648785 0.76386717745352239 1.1276990854596609 0.49019591651434713
8.3170093330634582 0.10378462276913393 1.5495573804818743 0.54883955114213212
8.6887242480850233 0.17348432725433863 1.4085501329321362 0.33601969002093812
8.4181875349773101 0.43157200942437535 1.11614208303027 0.32749017474836839
8.9137562312268273 0.45691708120552577 1.198695036554942 0.16072100308216389
7.7410069464836671 0.59268665959950206 1.9161893255521916 0.59068410974934371
8.3729860885259839 0.26983014324200683 1.3063834305238999 0.50151595360121481
7.4628492876822801 0.79245794379888179 0.59772557098408519 0.56594861241761607
7.2707849382904586 0.81183201560598239 0.32868860216471113 0.18087241542894633
8.6606641262535256 0.11398725945981777 0.97206723572897635 0.61380637013149741
7.5646725491323243 0.13677872187108639 0.84607413754350402 0.11875735915012738
8.7389493578380968 0.67638258077680735 1.2849126623432896 0.62450899628915901
7.480278676041376 0.27657320751500147 0.45891456101255279 0.41920165418444011
8.3523211951576677 0.14136870205284327 1.7993573962400733 0.54584552080142823
8.5820823190327342 0.45496375285165835 0.88608051188057968 0.19434939786138894
8.9355347854918286 0.44888036709573731 1.5264025426058903 0.66669906887189079
8.9989813358947703 0.57377859194107383 1.6314632175494088 0.24566770983632152
7.5249568454261597 0.5706384824814198 1.988127791020361 0.58261616968206997
8.1256204085457799 0.14390697738163125 0.26895360523168743 0.1897413233353698
7.9813851366987754 0.59045307455017038 0.45585199349702044 0.46777765360088541
7.0133149403616137 0.35888816019948655 0.27325331494604399 0.20181594675348791
8.4426420882946136 0.83157769971852924 1.9393472043002671 0.4321747319627266
8.6104454234795575 0.76586891092538589 1.7116620214701859 0.75702874291767352
8.2173215702562086 0.6388723829584777 0.10750518592054371 0.62285302341728166
8.4042563291161336 0.86822841615762636 0.75954414879168164 0.18507038131411424
8.8713230906432674 0.82464536100158303 1.3425827469907643 0.6879916105300693
7.3403495735175639 0.16477234140600772 1.6862623823990461 0.15742305039290788
7.1298094846723448 0.39110954033095191 1.6582545672932154 0.63630028307249042
7.9127316794951819 0.48918254615161261 0.2348549078717897 0.66766879406622837
8.1497651309447736 0.50572767312758804 1.2199440830123831 0.28287078268305432
8.2707538727325147 0.88461845066132283 1.7765550862709134 0.63754405427744842
8.839448837032986 0.71061091341494442 1.2013981548162855 0.78292795266012027
7.667371398575245 0.55783586686884901 1.4186072022633101 0.20443064550985376
7.0219399179101192 0.45652477876041686 0.11010382837963723 0.42376569089840721
8.193782383487461 0.87285658337283045 1.7622779980094458 0.29977224700540983
8.8541101043407746 0.4654269264212344 1.6729375885045656 0.73543764111846821
7.4204134069310266 0.89537227159365673 1.7872717805253979 0.6110153729001998
7.1234867540194866 0.26379769380148543 0.36816841512039022 0.73472646439061351
8.1363489064750247 0.7955412135857034 1.932513977796813 0.35910166289088696
8.5228647302381653 0.84658239009942071 1.9907937559763362 0.15862234863631611
7.2161462165385375 0.73967815956887095 0.58943067678937144 0.17287241237192874
8.7231921640341596 0.26220298837683942 1.1570396175557123 0.56494207217956804
8.7157562559235942 0.31278023374360753 1.359046358181095 0.52026971755051832
8.8055074620535052 0.87990705355171106 1.6711874071746273 0.23444466220443985
7.5296382747252126 0.67427517114970137 0.59337633360666286 0.48036246052286036
7.2620798857891344 0.67521563669005846 1.3981966302484077 0.47755294705781826
7.8111569599532062 0.22268717620295625 0.30490474311716831 0.54090333642632171
8.1191166472870808 0.10143254642775057 1.2245353782517059 0.65816558201675046
8.7754137945214392 0.72601833098057922 1.1136610221260859 0.70047312898330827
7.1559990671613205 0.78382367039053114 1.3265156140356935 0.4014293333744533
7.7626781066689121 0.36422946041981741 1.6600708959854866 0.42251925555587111
7.2743065630908461 0.40924767139866725 0.48345524130390027 0.29140469815148612
8.1407971065008962 0.1047147213235121 0.80235934649361418 0.70591234613921938
8.3293995813301063 0.37304372818446108 0.70013783576287092 0.37057113524885965
8.615983557935726 0.52776539947192691 0.71565243267918499 0.31763624571779503
7.5484632170151684 0.33322305972317212 0.42824309961618479 0.53705210912023116
8.9204563986823402 0.76948687866221777 1.7380774775789081 0.30982671023016173
8.4744501203195597 0.36316439662642952 0.74358054358247994 0.27461201432811355
8.7282724820584345 0.5209806244713121 0.58370812972547537 0.24299241702368024
7.4249214197912217 0.39751303082066514 0.9548431390683817 0.36438555278397355
8.2912335609411976 0.38411132843906337 1.2292080439963518 0.43759189296082024
7.5180291444421972 0.70396668976395338 1.3633995169614077 0.7096735705986158
8.2145277436510877 0.67683294944920425 0.69847433909584389 0.69052650778977842
8.8601620717433462 0.53501276208823179 0.11618518378303797 0.5672805027311999
7.9146513283214892 0.82337854162070712 1.3524336814337847 0.51950207080630628
8.7457047752147918 0.34559079464358011 0.43821835088766325 0.41092233574482784
8.0405016760777315 0.36654701948933377 1.260025378706686 0.40079201286249422
8.3642907789640297 0.39876931724277098 1.0728729004358668 0.2664585627582145
8.9772025094725389 0.10968170473507857 1.1559866910764871 0.68679796653524172
8.1603142091991661 0.80119263266008078 1.2280720834139256 0.71406073042916396
8.2202022472425398 0.48078189362142121 1.3507672751974429 0.67646137369514303
8.5568431345263303 0.28011346371516638 1.5932803967306304 0.79220478221909529
8.5749525994099631 0.20922103507015749 1.5681083484286535 0.37416176017415392
7.6392311707492233 0.56616970243237608 0.62961773312466174 0.7127926584448333
8.5929381775446458 0.54405167100101148 1.7054947352861878 0.11099860009518128
7.0194306600573473 0.16906465360282263 1.3758158078943277 0.71751874988695619
8.2751839215259668 0.62106383217743011 0.7655520031369365 0.45561607234054058
8.0857386018332917 0.65220320482582106 0.99097695403270269 0.31936673332460763
7.6577854601615485 0.2535505161908958 1.3699319837617621 0.17430841244646533
8.1897242045566685 0.86420042432164412 0.8556111218439032 0.42468950095543034
7.8981708730933722 0.8940319279953407 1.3070950032789954 0.46007078291817227
8.6048560862635988 0.84465241065424823 0.60460282184868785 0.11623898423057212
8.3134801133849283 0.32953410172931397 1.0505993864991945 0.7987732153120588
7.070342319307918 0.67070587277624749 0.3844345593788604 0.27767823108633821
8.6713884878979606 0.65839837144766222 0.38261584779178381 0.20746313932615545
7.1983306190947243 0.87659293902352298 1.1238874604043181 0.66608287579522285
7.3883827076186659 0.61523909728778103 1.9390562745243316 0.30245162910283363
8.9370788086126236 0.33643343904427714 0.97303044993686083 0.61256932880595782
7.9001670632029413 0.44229721404480438 1.8627086913390904 0.66091226441735107
7.785988319484372 0.1826461600790063 0.22642672820825321 0.29568463353720409
8.5905195696455117 0.44531038193466055 1.4886393029496969 0.7225437599875788
7.9604341909512089 0.26483821212562375 0.6599492844016448 0.68961798302775923
8.0164601241371649 0.37403329732497581 1.5802163437000853 0.40886577441239103
8.769726234659629 0.16115467791101892 0.42591707348295316 0.10752946465073454
7.5777301590948936 0.69476721671581809 0.33955796629821422 0.73576558553394233
8.8896962837120057 0.25452273863776337 1.482778535654115 0.35632821159537209
8.9061502891777806 0.81803541460411333 0.30956185267426972 0.77726529292522328
7.9351492417660836 0.37961988249497891 0.73016036834399256 0.11584337648415305
8.4636231007153739 0.88188261476768659 1.867046708330431 0.28538547648850021
7.3512185701059289 0.22217365854066773 1.8161312513495729 0.58764751123914216
7.2419913571380166 0.32854932227412503 1.043395784831409 0.73198889581030935
8.927652422778273 0.21988384119907758 1.5537742204297011 0.6150702333932333
8.0469835258855422 0.23971585474285989 0.44962630535919035 0.35289951174079148
8.8170387500142748 0.5048730496935393 0.6809339950576937 0.37857239017802446
8.2674553295800024 0.6995635312464703 0.70046237722004723 0.23903172140607418
7.4407544624156321 0.29236625751761497 1.0714895518807286 0.38108287461496082
7.2694500827939716 0.46757448964721304 0.3215264296605419 0.70757224037294186
7.648095321206128 0.10481528602622749 0.5442927650417978 0.58305858613226125
8.5763741841957106 0.4873742377473631 1.1797867633351924 0.50414617046510413
8.1988216775175253 0.47423223303025341 1.9962245344130458 0.21628375088331431
8.6239520580916995 0.61121595667155482 0.32313847431092346 0.77566330185361387
8.3663209283690723 0.656578480390962 1.435485683324889 0.68553633198435082
7.6768992767765925 0.30298465210531944 1.1384338109987615 0.61021983268113678
8.8644051350908537 0.30564216215555973 0.9853960087648741 0.47427205787322035
8.5032120781641733 0.63506338192335055 0.82014170395554309 0.398739608344302
8.3704878832514975 0.85090611953326978 0.71048336845502047 0.58503910586885555
7.8814132866023332 0.84266765583339009 0.12244557581055086 0.36712113479797492
7.8120311194151224 0.36591893126491337 0.65839876099713257 0.63196948613099402
7.4853045651756496 0.70404385871819708 0.8391780164649093 0.26993936967137
8.1730191015244777 0.78019912588454476 1.1356247872581586 0.36864920498944875
8.1050508744750633 0.62840683688431509 1.6124775417630768 0.49453221515756707
8.2793555316029739 0.54046343125743646 1.2756785236372492 0.39021046933406189
7.9844783579050711 0.61247308495477859 1.8136184138301161 0.25530539958873305
7.0508710442876987 0.19892086033117759 1.1609616797610685 0.17059997650456732
7.7432947848386569 0.38724736328856324 1.008116074069535 0.14845017179268838
7.062315927322798 0.82516697976514852 0.41960776141730716 0.60774049611994296
8.1457353096738192 0.40118299338903407 0.79320616171614577 0.76495774154359297
7.9275381501663897 0.62273327104917708 0.59907086555174649 0.68504947067959832
7.3852394764201019 0.53344618517422637 1.4848076641080832 0.74164218247869329
8.4679500192365929 0.12744451304280593 0.16154083414509685 0.34033418937919357
8.3324803723058682 0.33180683464116589 1.589921064568558 0.34477315122415436
7.6173222156175706 0.21695915447462866 1.6946597125552429 0.15056917158034444
8.3907212124996278 0.11489801936047378 1.1762850500567161 0.57984445581395982
8.5276375160726978 0.42500442247581793 0.40647746181495359 0.6282306576716421
8.3621304014414637 0.60848737335426717 1.8116270159199681 0.77340254294130928
8.6284656296108402 0.42113669299820566 0.744842153553821 0.19218145493910671
7.1628190280005626 0.58649670191666148 1.4162692425795178 0.34558644337681321
7.4124406133303893 0.60265474681303144 0.23070698472285533 0.27032817803665177
7.2945594506416018 0.48617483990487298 0.91071849612869971 0.3014945685555136
7.8748845690253146 0.11228129075069508 1.4992414014609947 0.7172056851531079
7.6030174588140023 0.27893489852682374 0.93156183308053919 0.25579048521649206
7.7131775897465831 0.63573506927802581 0.9618105126109634 0.29244151943159574
7.8355600518425241 0.54960011733186487 1.8183023120653792 0.4391713572562127
7.7039527086431425 0.63666385473539411 0.37732188463055794 0.1600001811697013
8.4687138832812199 0.10915311079656947 0.80676146516280034 0.44607933471785033
8.9979559005240297 0.35267279692707043 1.7089831110912495 0.28069817297284738
7.777582750576209 0.32650714728449082 0.40479591070723486 0.59653006990091439
7.5948976845977132 0.3866976427635318 1.6901585813595508 0.24181113014684955
8.2494754011065083 0.67781450926242248 0.43235617864582576 0.57475930009511222
8.053851526924328 0.50451164206822641 0.33841932296235566 0.35346420295398229
8.3184565562617969 0.12556434826380491 0.22380040144032204 0.39698086598448734
7.8676024136034401 0.62024737344912395 1.7024976842677175 0.59319154030627241
8.9603411266890944 0.35017801245786428 0.51973547347742211 0.25335240143094756
7.5862291940488618 0.37532097732318837 0.76242331874067448 0.30877953730180968
7.5537744367011106 0.11282124882670126 1.2979642153940811 0.56775702502177849
8.1846806436752519 0.493376638061651 1.3785265673875551 0.71063662107579739
8.6938299319317771 0.7948007824396276 1.5525181454676613 0.38826111158637011
8.5860146081731124 0.57613899765647025 1.0245005426228961 0.50741919755846865
7.4673630283151518 0.88644897404200174 1.3253892291508997 0.44815782770230383
8.7643876630969615 0.58948945229178651 1.5712589572058819 0.65002791324650944
7.9831295092204275 0.76516869680651289 0.22094043594868551 0.30322202179983859
7.5917444336441369 0.3140904871026089 1.2639997532476865 0.71494116723629619
7.0353107810765954 0.28354303409698145 0.77467969243613477 0.21561677143151439
7.0422055458120347 0.87236668285200181 0.45509091016047909 0.31296454042924837
8.7829667170509893 0.25794652905759308 0.28614456537695265 0.55736469546204537
7.5557176109637521 0.59146122017473535 0.98118411867697719 0.20076916771028969
8.3836654669423325 0.49801689416786854 0.50024668465778044 0.7673774256372905
8.8952946564618376 0.31617645453581911 0.79016374756623253 0.42092632089692905
7.7285578025167538 0.37878531693530249 0.59202441241955372 0.44013781461165913
8.9815317791415339 0.34567164426887592 1.9209685460241013 0.23690873405546051
7.8281358761809372 0.83834457314974253 1.8357018865341939 0.15584972495410479
8.3799575998035873 0.4127662310464697 1.9038022804519688 0.45870348723735443
8.5482320194923034 0.26042981978289781 1.0787864851490279 0.19814224862846125
7.2610731959735206 0.80755920575927609 0.2760474362088135 0.48236066558933954
7.3368177092026121 0.68346558242156696 0.29635932447035013 0.25028135517364059
7.4343353981474634 0.29142571121570848 0.94325865256610664 0.25215918389724223
7.7325594002584808 0.32538503069262192 1.8839412264264623 0.32609708869396026
8.5165239126591601 0.83214612764680929 0.24492394152931307 0.49962078625470174
7.6527220771288702 0.24116948917375192 1.2935073617009099 0.74936223214243258
7.9239858744138303 0.83017694097157824 1.7171599543629703 0.54467624254746216
8.2349731508494699 0.28170870564678102 1.9578280183336823 0.67156181367511258
8.0879220553084892 0.39156884804501324 1.2306721928776705 0.67944836697398292
7.571099564368895 0.79093514139850374 0.4613075410415628 0.12191260808413101
7.2310354671439772 0.46708877059217757 1.588559652848563 0.24954181707022233
8.077353775101523 0.15659756659947952 1.0210633938179994 0.13176589148468784
8.078964493760024 0.32056037678529437 0.1040345116242397 0.39454406836353983
7.0229657043305522 0.51532588614787211 1.3396030771515681 0.31211497392865217
8.2840189222970189 0.49674088885411216 0.78737229953424659 0.78086650315080719
7.0032395855256846 0.49440105510978827 1.1216966830649076 0.75432195334674801
8.4783553879251308 0.32423492795320691 0.5170429281369856 0.4346601768219317
7.2238723495973236 0.7225990894529436 0.61202320197736204 0.3981528969586392
7.67440487863061 0.70006844023264525 1.7794780209026004 0.75543277415979826
8.2237731722581184 0.80949832633357077 1.6835843876722245 0.54028948289928513
7.0698276870839294 0.20263982467046812 0.27029693448881253 0.15183691480124956
8.3346587835892869 0.39635184270551604 1.9026927568104861 0.34280663860480487
8.0267437744625951 0.53158735600227758 1.9526488294475748 0.34339671838685681
8.8627479937352582 0.80281782488283326 1.6766652858151669 0.23930864460039586
7.8772598800552345 0.12300572931801845 0.54217888510945389 0.14436615043924306
8.7711097096007702 0.24975798073162003 0.64475314555691909 0.25997373654481587
8.8245370862925725 0.69754185338839148 1.3489944715452806 0.53387994418064888
7.7703138615138307 0.58291385408275309 0.19583378043109892 0.16130520049748631
8.5300535846611183 0.27077073247819872 1.8535927455307759 0.14508825017570887
8.6569115406859183 0.86115044597462298 0.94650763016214023 0.47536209609381697
7.6658239981635115 0.41640917280457901 0.52431726476006169 0.52300092349885541
7.0176970939343475 0.52908418350935627 1.4597787599487619 0.33324111587144029
8.4256108664614171 0.21361175487840539 1.2366862838712844 0.77112177859339481
8.9147213074303178 0.4006432528277456 0.44112338701571818 0.28805948842457801
7.4227262695179101 0.15853376888175927 0.66960498815127345 0.55609743494589503
7.7372352807638318 0.49049469620627484 0.9198497963421034 0.79980736938333663
7.9380047176574022 0.22767743296444232 0.39409346748412144 0.59501698107402778
7.3011619083022348 0.74436360793040046 1.3137975847745063 0.78574045898395239
7.6367902669227448 0.78305719739545809 1.2578224000208416 0.33250286292086184
8.021239953746953 0.21023119679744606 1.8270102050737644 0.55839178878074702
7.1884088021805121 0.15737819832628253 1.1543277315827372 0.44456050472804165
7.9304488984927684 0.80848210306731827 1.9442896731242416 0.78248208684498088
8.9490464571346564 0.54396183529085707 1.9981174401204842 0.3462020182791169
8.6902595386724961 0.13297239158728083 1.7105396037981002 0.15120476887086726
7.3129431155866618 0.81448469434757997 0.26188988579414219 0.13554692858137279
7.0601570335490562 0.75732509395071745 0.57365262295229347 0.72140682042252857
7.5732947648053939 0.1879857675906183 0.14838696394900805 0.56321636914319795
8.035813284766828 0.49037791437032097 0.6846715236745573 0.53142459084391702
8.1143549192004993 0.77713636458309354 1.2262918458635585 0.36319876605851553
7.7448594538617472 0.43486720595135309 0.17134529958929867 0.57050873066434304
8.4398963023260087 0.70227370715529813 0.98802319859220133 0.39189866492584713
8.4090329542342719 0.27990350628047828 1.1702164152518322 0.23640439018111994
7.6703767725710668 0.21874079453369522 0.57899678345597905 0.41350494002866101
8.6374916101105459 0.58435492237232189 0.50239792932860228 0.77516811302234201
7.0395005735963032 0.41966678419219072 0.79412513449981514 0.14234984686200758
7.7541851824611658 0.16026783582830048 0.2799010110729705 0.13027365681202729
7.5474265537862051 0.23121870712607684 1.4640380508407171 0.68909501858873501
8.1014400249937744 0.26588518519556947 1.1814100563444485 0.50252507417948211
8.0911452622392357 0.14030369893995059 1.4358337908968517 0.39572284885831388
7.6997490870427017 0.55136855983377131 1.3597169210448581 0.77339943828841751
7.096849293946649 0.16495637156883852 0.47301475386355418 0.69860962176483066
7.5966344998604818 0.132562864261174 1.9762873816462023 0.15607302853829746
7.2056706500291376 0.66312930370361567 0.64861887475584601 0.26399458394528436
8.8518877741699438 0.29617571157203704 1.3654630036508717 0.26153358009322875
7.4363381809550173 0.32114903590030047 0.63720888021305744 0.4725920917466625
8.3994087552415699 0.84490911972249461 1.7008430415938538 0.31653676136566866
8.5964196656498082 0.30383591623035466 1.5135161139219027 0.22697184122596159
8.6471758535230983 0.31591646737717199 1.1103744908976096 0.27385859209336116
8.2129771789540555 0.63027964735874087 0.23965943304283999 0.26185282604579052
7.0443633868772677 0.39200667175670734 1.2698654513525081 0.14668337802074932
8.6647848297743923 0.24388749202202575 1.9192874709103203 0.72560536756870697
7.4189041771707505 0.25135160564287129 0.18041229223336686 0.46695304845509678
8.925029846180621 0.14899185959718605 0.14225022681256583 0.20254559032196318
8.197308254324982 0.62768868505110009 1.1251046952135453 0.4866123905266907
7.1947959694011976 0.6825949027271766 0.89042883309364917 0.18359037389791105
7.3720570525649274 0.39371288174869556 1.2917511016661927 0.40812891193009349
8.8318465734790959 0.65902082952060292 1.8864511145353127 0.21718044181348917
7.4455972782519675 0.17459846072689869 0.84207453442399616 0.79348822011056575
7.1200758421318744 0.34026201953746971 1.9863652755607619 0.63604747344188872
7.5124787565816158 0.53598236160210899 1.8882357997412336 0.23018928998368443
8.3691317779143652 0.78171372476368328 1.6495811517865007 0.45109509020510163
8.0331015467007756 0.88057315834928818 1.1037005687382508 0.19151933255336956
8.4104620577248497 0.5024637788253844 0.88077811214796897 0.66069119576550728
7.6885010811163674 0.76819038878982593 1.5872551118040954 0.73256913529895951
8.2935724125625097 0.77267141031304598 1.6973115258683655 0.49124769097123266
7.3771508697354902 0.40738702980231045 0.51477402599365574 0.64296807284267044
7.6453110893745606 0.33527208453742441 0.67443006318451293 0.5057792694002935
7.2453426836443811 0.80072395811954367 1.0758517866863948 0.51081223263733389
8.7437376716510364 0.6599204117848434 0.49299871410964535 0.79136527060189998
8.5477315296653948 0.67326115208539139 0.51321296639980785 0.47198631528776003
8.9198994452694631 0.49273803296255891 1.0586870474543959 0.5773316342041902
8.0498627701021519 0.13840195897681906 0.79861839679996671 0.62909001109730822
7.682506317821292 0.11643540390033282 0.68907838932300791 0.12019360603793058
7.8096333697573632 0.36327762737458691 1.4547360094127457 0.16373071254652455
7.4680693453257936 0.7135964155648804 1.6774732109679917 0.69425190599210407
8.0451565947583124 0.88123314033547295 0.92597110696175999 0.70643576218993465
7.5095497778033877 0.35157901670199232 0.58573646491677533 0.4327686425289955
7.0828741878565866 0.19348854864631998 1.615112716251665 0.29378718524002967
7.8731683495429294 0.18030231502066929 0.4936864079934512 0.75956077998911986
8.6721994045403363 0.58025055463142194 0.60861582582066109 0.58690173300250659
8.5711472954599408 0.53889937084522033 1.7977526047374011 0.28846742924830615
7.5809525318101683 0.18320212906441324 1.5366557074177305 0.18850155304097535
7.2895926133505355 0.31169043982015526 0.32583246034397106 0.17264564385036305
8.3424440986084072 0.26645905182493324 0.51094664752547037 0.24272766323035633
8.2269362597812847 0.1633029311195478 1.2681503077158538 0.73122616505430393
7.7201429556734649 0.71855100019981322 0.67794794455402596 0.30473396638608419
8.4347952833666646 0.83369687269245429 0.19174391414287251 0.41822742642153055
8.8329035322709224 0.2584768597617364 0.14045588003941245 0.48113158677220635
7.9737471882426174 0.40470505529100143 1.2095011336718093 0.35053446278160871
7.2072612030798746 0.75403922247564936 1.1600215037670574 0.16563860495723071
7.6910955235145781 0.17851335734093909 0.54699162404433066 0.78882593308513949
8.7528658460364781 0.51655422834085762 0.33411297315766747 0.66161248721767318
8.8485913364015989 0.64755762682396611 1.0232126805952046 0.42953147033118655
7.4540848692340047 0.80387395485973834 0.81543521916488604 0.33584164389372961
7.1528999572143581 0.13082912480070741 1.9253844028353639 0.15498755376132045
8.1095400502551431 0.55581076128013851 0.90754610932668123 0.66294107081301634
7.1395445225430016 0.19195616709007374 0.44739244480158846 0.17138035730118664
7.0676261605008071 0.34295294681666966 0.77877123859017061 0.65120015784178564
7.4778212039040435 0.20325736637244984 0.44822458831888545 0.2480403490236576
7.6688469853315784 0.85229976284191933 1.7803496281684577 0.52639920879038549
8.1105908478925528 0.35304510365650132 1.977850856341298 0.65739807995473321
7.7315730691643978 0.15139595848573539 0.6007685705549245 0.665100660889411
7.2080145997715199 0.14648335964745338 1.8215945171048562 0.20604485832254965
7.7077664663068957 0.14553061413227819 0.87525901115452875 0.65328851249904629
7.478935188849996 0.42906628901944688 0.12574673563588473 0.7393995626881249
8.2604680796781125 0.42986761143842511 1.756422454373799 0.60278062067199334
7.132342678022022 0.54123090358932624 0.42219137200345358 0.50356197659345669
8.7015577515122118 0.46430915093025626 1.0311011291809908 0.41607661068828206
8.5608991095428255 0.35500268459619244 1.8431992862152451 0.25184654186888944
8.4169991206799679 0.27588552904167307 0.72301525608001171 0.5112743934522026
7.9440330493311189 0.74685716466250962 1.3215800109115416 0.52976408161070843
7.7903251778072766 0.53618927682171635 1.0295399846766555 0.72366145270427673
7.1000634968684002 0.31980413015588183 0.26052761306253658 0.1832318668778404
7.0499136406880671 0.86576724810518213 1.4924536551191718 0.24439167566633574
8.2519535273358038 0.6095668070263891 0.46567377305814828 0.47671340424556075
7.0761785552849883 0.48800412613198019 1.4945180531924245 0.42487274212251636
8.6500564247734353 0.52162305109867313 1.5955806490939617 0.18772128791588538
7.4276132437653208 0.51867261562760303 1.4535955511302576 0.17142096635620066
8.6264701635001 0.73139308106103684 1.1975451956981245 0.53106379000688797
7.8046284773994428 0.75457197913193375 0.2426299621662209 0.71608494932693223
8.8036540348487939 0.89977658030190388 1.0459514708242359 0.54215895818690496
7.5274765267102248 0.59460412920671879 0.44389652597829354 0.64941561431567907
7.9194163997372353 0.81205815860721786 1.600389159665393 0.46292825372137048
8.8844656244664648 0.13406807892797984 1.5217824601038246 0.60340655233659346
8.8688023064038468 0.86708433093453707 0.48584692359186299 0.7681618812827985
8.9670551172111104 0.73887574565570868 1.6253216841280202 0.13478046445870834
7.0865397777721508 0.51068409576261786 0.53886443206118384 0.2721646049624023
7.9659690825702061 0.81341514835122908 1.1193130721621665 0.14571422030246151
8.1557276268030794 0.18081955142590689 1.4318019340140384 0.35214251541574138
7.8682806604109663 0.85881928230966886 0.99720297931381618 0.22888838109369808
7.490096235788279 0.22352177648385996 1.1328927434768779 0.59279488738613306
7.1860593301754276 0.14781536229323577 1.3164272532842651 0.49786363763546615
8.9280717166128163 0.15083179869205637 1.0035469765841991 0.20699795542993671
8.5636607056241747 0.86725817616880085 0.36119761016926244 0.68449813989517438
8.1709442129326817 0.25606434510419129 0.92889413157269718 0.67087329119597994
8.3447652065266524 0.47446366470945034 1.7827772574208312 0.58561430907402978
8.5126602687846891 0.72225627065735276 0.5593033647814557 0.31521680973528654
8.5735259011982166 0.50067166446796163 1.0529530715932567 0.71245734121191184
7.2902424057035571 0.56978124291386345 0.16024550750263994 0.7198934837331753
7.0993410030244846 0.23584124260279812 1.7261044965596559 0.28607131991436163
8.0238075815734113 0.43636717981647477 1.344086333803048 0.27554707256954425
7.6583487877717644 0.29341033917253229 0.83310749014301344 0.75216569644829734
7.798102672483548 0.17835652797203957 1.2456626020100869 0.59079887827955446
8.2582536360365033 0.25096977754834016 0.8788780069974359 0.74866111851635164
8.3384509359296022 0.85797208882719367 1.3855278028475648 0.29047025246640712
7.9368069502086405 0.18681407226421626 0.8832094545824003 0.11741589410394285
7.8496482651674384 0.66928428462040601 0.20189093711539347 0.41042073537338453
8.8341077923033406 0.42686468859159155 0.11899141226916951 0.24728243635775246
7.36768761134085 0.43527335019623459 1.7575778409940479 0.33756235338052087
7.4727628114340821 0.53772889207636665 1.5037873389911645 0.39302113143348327
8.1791434685875615 0.19974931424577791 1.2665941752668357 0.12991241244229923
7.3047757228184018 0.81567346712563082 1.5937342411458042 0.1176896877536492
7.6620494174786238 0.65472666282202041 1.0124595265631886 0.46387150694918244
8.84790393120959 0.70700259117796826 0.83086309567993277 0.28055573977515658
8.9903497225594311 0.87740874336619601 1.3464468337297411 0.63516800990997468
7.1141761482810253 0.22691721510077045 1.4801819632424611 0.35160605301996328
8.4611059916884912 0.86350686188886483 1.2962534110731951 0.39110396623985
8.4700128656247955 0.15831030167743249 0.17361925077901125 0.75934928687765757
8.3145974802242559 0.65317229657359288 0.49010586279389201 0.16797029265728558
8.1512699580463632 0.89326511968556566 0.31725110790123789 0.35731514815690946
7.0937636006041824 0.68006172238549023 1.6794542640909844 0.46171009498766358
7.8521635016042959 0.48092115263928947 1.8666860673565262 0.39349954629804063
7.2486127184310467 0.24456849351302956 0.73572333246023547 0.31063316389043616
8.7321216297461248 0.76264657384763124 1.3017796534287751 0.52858523273478941
7.9542914705351251 0.30401713418588849 1.2496633244268771 0.34390484159881352
7.9178086094890894 0.23709074376595277 0.25168868137279743 0.2669436660858604
8.6457707302308133 0.2731852574723368 1.1311019009676424 0.16991595514996666
8.0925692032592096 0.22045240844939773 1.6551938496172334 0.40384047044001581
7.4577221194599455 0.80642924918282199 0.62157958527849766 0.57136668705081395
7.769509839742673 0.65147086272501287 1.9840134601699335 0.72943128547300751
8.0670334239298445 0.27815932029157164 0.33260709111107323 0.43532700089255016
7.3340490385798134 0.68679124131104574 1.7656174798463173 0.46547217308809519
7.4291007887737983 0.36984649578287876 1.9510684290367446 0.10695582691195221
7.5831848092668084 0.73018259575095112 0.84855815284234892 0.76707637681540508
8.9114147278576752 0.48523371189890374 0.89409228627086923 0.59358327838923675
7.8069568169326935 0.81078782733398225 0.11223606991345361 0.63815915893773723
7.7528699556891167 0.24813438438889365 1.7498237421247345 0.69148599473375394
7.8243500985305863 0.60757389733706135 1.6114859952065714 0.34952812517257303
8.3019900831846503 0.57190759239264777 1.1940718498157885 0.44750441275510411
8.396097777945247 0.51791730373823419 0.15795237882124638 0.12378090026235765
7.2565185056285921 0.15211395354791341 0.57654732374075435 0.11215966966850106
7.8427292517248617 0.54727662802831911 1.3976779323951878 0.27331674551413027
7.7828558397306162 0.28996957011647928 1.1462543082368901 0.12455615867464889
8.2424726271520914 0.4662821469097207 1.6682287041375825 0.40351960830364442
8.7068153395636649 0.16594779822470934 0.39496450471312328 0.50816838054272229
7.348781902446845 0.12039168084016058 0.6675512655192759 0.13792633209760552
7.2820454017932894 0.36134015980699496 1.2032429215814815 0.7655030283337515
7.7180304888955726 0.58870603074278816 1.5655172603297796 0.49299692372531434
8.0805963424696028 0.68102454980344362 1.2099791056720612 0.21500810588946723
7.3436291421190694 0.2945592898597128 1.8810286025003271 0.5613336451413915
8.0577453476495471 0.85972518144915921 0.78566146660986624 0.10230073065578175
8.696101733703328 0.42798108428329673 1.4728169970182166 0.5278707295498779
7.1095325268201437 0.14222007192234287 0.61074103126313284 0.44918140055718325
8.1677733657333604 0.14578934439657865 0.15455742763753788 0.72761031559972988
8.1565736698789717 0.3819484680968972 0.5659467352452876 0.3617971596050592
7.3614193770247613 0.17185351501790092 1.9809690277746266 0.41251576013347513
8.7119994713817697 0.67441642672237712 1.3644250105177753 0.32670510853746459
7.7966446124315913 0.15302681064896168 0.80018692284291981 0.19613278845423807
7.2392266744359395 0.79153111895951267 1.9053853194192949 0.17390898191374621
7.7233003002898073 0.89798004891150041 0.25603693916419867 0.35523280074703378
8.7272948167234077 0.80551921945717209 1.4393990759136492 0.54755314046642811
8.7763844240466575 0.75871105140681405 0.37985473408056403 0.74369883950714533
8.2944787157046083 0.77554609396438978 1.118266248776028 0.62558575332916377
7.6518193460351407 0.63995845228596637 0.6332112882835168 0.15298267545396288
8.5899520041009456 0.20611658810782318 0.39762097028574128 0.22832080427465384
8.5598972022662583 0.12937373550157694 1.6068679725552908 0.18167182634855294
7.3801724091104459 0.62451919671860245 0.72402037554370247 0.40704100459761594
8.4263675853081708 0.48184055591087671 0.89448133184491152 0.56409566206822215
8.385610007986303 0.51165080840949828 0.78083528331605012 0.41526633178944439
8.2682403359020782 0.82736940655323898 1.8588423070447195 0.77785450894358277
8.9924430696031052 0.51285751557121384 1.1830980553579669 0.23429906917862442
7.1668673202814066 0.56421754496434118 1.9955177959879522 0.24086506721202305
8.9840506771457562 0.82025118149817045 0.75562613023691227 0.38922614418080637
7.879691317342318 0.73811147131906552 1.165103533648064 0.33226543739440162
8.6806524807158816 0.2376313648139543 1.3328856229260373 0.37727152261106423
7.4952623424551801 0.66764319791339355 1.9553724519906437 0.64326790147401236
7.2785567348793041 0.6311371314017985 0.6426293939347606 0.74060826590309237
7.7146598048267014 0.70129001410149516 1.1888993986690402 0.17935411842090815
7.8637184184603344 0.72132429387979224 1.0337016698984414 0.75063966813291971
8.2327059671290499 0.55330092923598995 0.37088454915266378 0.625727733237461
8.2068952930807306 0.2856478334558159 1.2137891867384105 0.76893075517152643
7.760939733267076 0.50653882785215987 0.69098365819282803 0.14927768612235395
8.4000741820688027 0.8879724538752487 1.74099831512684 0.46490743925321976
8.5798712318580712 0.793125710118044 0.96382811510123723 0.73720537465728819
7.4439913840216807 0.48467723254256601 1.3921140214352128 0.74526492666079325
8.8142635489614847 0.55667024346014304 1.9459874513247464 0.3245701626379599
7.4146735969947182 0.79849323643720005 0.97562820987647569 0.18036864602432515
7.111915729503461 0.75621442673244332 1.8966469718644687 0.3063835015205385
8.0104959820031105 0.70261315538935964 0.65625919074118177 0.38693088045495794
7.3839429130662202 0.51932599821158754 0.22908323928327029 0.79464314086456045
8.8981955749871062 0.16200514429971274 1.1060579925676342 0.21454924707987744
7.3974511755345782 0.86068426057905267 1.0279890174433854 0.72855266693882703
7.857805545573612 0.22440835741136192 0.60707750671893013 0.15379463295345111
8.6621906552596446 0.2160844794231282 0.34612551573658618 0.67252180573289588
7.3179158207163759 0.26794961671489459 1.8758762119328027 0.22400983596053656
8.891306315466581 0.2007296980355569 0.57101289943907263 0.50631075619051624
7.9251577518585234 0.81985587082831801 1.318187978646405 0.65192686564755509
8.6940171698842796 0.28697198882094221 0.91303381582743826 0.14097776214079902
8.841054628123528 0.23095995867428359 0.73444260658207705 0.34750179339458509
8.3041216015188244 0.87074147554852399 1.3450413075176089 0.23050119978128861
7.210206609752059 0.19807332746433989 0.54634406916861589 0.35442951375321163
8.6821562520788618 0.44342409581617026 1.2901833897009478 0.78375586863230151
7.9209503582782794 0.59598715290396898 0.10902504765583387 0.78626608957385502
7.7658957353702771 0.45773053542635733 0.15535141088428844 0.49617568904298814
7.2348180288351909 0.31001394899933932 1.451087214921732 0.75132103245775117
8.1478578745896115 0.41197307269422778 0.17862754893635541 0.58115675620625196
7.8306801694035588 0.75818042930723029 1.6298386416851425 0.61990716061427187
7.3580224626729818 0.52501950585974488 0.28978659715193095 0.19799771559193829
7.6872720716651664 0.45021460506602928 0.77736820648996929 0.25306048191059616
7.7568342528801777 0.63377031149593344 0.63139906894676601 0.51197499190980877
7.727925082544548 0.53403745306104322 0.55341084368244753 0.61621608394685246
7.1579227345938516 0.34465354712956398 0.49835765928289766 0.34820902480128851
8.7058041507349007 0.78088801082835546 0.21116447190682536 0.3380334884948607
8.4656016540446473 0.83957285697199946 0.21698049712897508 0.67462666615129763
8.2445474793534963 0.30204501308277587 1.6412190589092472 0.37122841259220674
8.4283081090183547 0.5617434262337766 1.3365898584762597 0.54705709138306724
8.6552335588744569 0.5586572394739685 1.7137265958938965 0.60244487100639776
8.2022326739668792 0.69887429156940317 0.65152761832230921 0.73982310479277147
8.8976689521555254 0.57528375254481723 1.4137862349414154 0.55945462781958322
7.1812563027889968 0.86169383768624652 1.6505123287463486 0.46420797550621617
8.3576899454299642 0.60415168263209185 1.1517739526222326 0.48788260676546602
8.6008380400498901 0.80205259588346278 0.32634281018450356 0.21373225009737931
8.989632969220601 0.17723986734006095 1.2535085092860001 0.46233224472063472
8.5425097269111809 0.21476144157126931 0.7588722142785681 0.13924619578996
7.5425258712343188 0.11082427874486812 1.2172157651629243 0.13991058501084863
7.693970203982528 0.13144565418900678 1.8898532399771724 0.51420660079900948
8.1032584484023253 0.73329345999971784 0.47118232272441629 0.51273310035006203
8.0244322901188028 0.60515660893542722 1.1085868955463285 0.64393395360542149
7.4169379695137128 0.60051980788162695 1.4250698719342305 0.1588761402715517
7.3064626758641582 0.74998318933018659 0.90664375909265971 0.68641257501861919
8.8744466194048162 0.82275287727928648 0.18236096096516047 0.53281330508971425
7.3202191948601589 0.45927100568540902 0.47900129880268882 0.46903876470637407
7.9039351642079332 0.75536084073104459 1.4406947221471325 0.33093856270918387
7.1032453049606827 0.20183302175069645 1.4703688304478029 0.46867625492298237
8.2635980301670191 0.47887176661940656 0.56209511090396758 0.11945718544544562
7.6973691580627301 0.47581464309746535 0.50465270585137489 0.20783600319871007
8.8375269751418983 0.7158893514536282 1.7897156040548976 0.73773890638710837
7.5930504923672588 0.77418432723608799 0.40011606397395394 0.47887507971467436
7.3956812209751872 0.657356053391144 0.75498055301404821 0.77174503732328703
8.0970174830110189 0.51024034258238748 1.0858786094326884 0.37702461739174131
8.2551431314365615 0.1960006460575307 0.33677284076851199 0.60483249809646789
8.1876354954630077 0.56304010579460229 0.34211423841479127 0.79078741258143592
8.4479552147761954 0.15545916302618132 0.85844002602518277 0.37019008473656922
7.2212863209081641 0.3780147095768801 0.12438609263816104 0.34210728759191295
7.7866003106963539 0.33205399251439438 0.98215657771675535 0.78716512862621046
8.7956046345269012 0.54924137947477403 1.1633611150318401 0.20540691854171719
8.2727356418238269 0.87870447544706465 0.20601409578845115 0.24007732849488284
8.5377378965453961 0.79403643952666381 0.25505391474707767 0.70095370301098026
8.1179566917697237 0.87156238594083579 0.41820463007675257 0.50932384558805499
8.8790552111989633 0.57874942942297636 0.35107021211507816 0.76945005633900332
7.5353054516338158 0.21141974291354357 0.66113501540305764 0.78125218339863789
7.5166070966516507 0.54623313763945569 1.2489676115621142 0.35556222204887378
8.7378698655792633 0.72893665165997701 1.0981008276710658 0.57185294530167641
8.8099291675263789 0.64374523416048768 0.58090536189055031 0.44335996294575697
8.6076622105417915 0.20093120289337829 1.7332122129730219 0.16329154985019745
7.4657710195075939 0.77055453247942074 1.0875916762742974 0.78994640232016877
8.6194203552361817 0.71208640264889633 1.5622171761762738 0.78005005708775088
8.6680023368349808 0.34856586226627728 1.2725480026073148 0.58867965584223692
7.3640918797715491 0.20759923741097777 0.48473062618037521 0.36501632419444674
7.2550779483744368 0.33041061159604113 1.1123651733677338 0.68270408162972795
8.8760264080549192 0.25967853434476651 1.7540902372000284 0.4299806959209248
8.7973923316103111 0.1284159601238139 1.6376623551446343 0.51687333282982562
8.4834339735091611 0.20496443704335077 0.40861671731109672 0.63243141850401308
8.5054851653107946 0.42444583934075919 0.1893563492307111 0.79678365412538199
7.0657297210946881 0.81915372585820367 1.7695671318525235 0.26081087488278587
8.5197877131186797 0.62184724912739553 0.13716845385035736 0.33948438318546081
8.2088486009209802 0.64494547157538862 1.8488025510068151 0.58209832901907299
7.4875510991961072 0.34129352193601431 1.801202374996554 0.5972099344850047
7.7241758337708522 0.43992757864011767 1.1959916306635328 0.28698818192241604
7.8277441050348928 0.31734391180091892 0.85663397692297327 0.41219877390512571
7.9962446202056867 0.31830848847008208 1.9302314077082241 0.15002244883918919
7.5002836109331561 0.13730547066094589 0.18784515983900754 0.76260018443106026
7.266237163406541 0.79613809130025359 1.7346021408029564 0.43370816869501205
7.4046570326628354 0.13942685064786942 0.25866064093108998 0.77046046328609319
8.6207437838851533 0.64438293317108053 1.0959837446934861 0.70181204164868749
8.1901663313454982 0.19087557882360734 1.6236360115495168 0.72020707661477545
8.9558034634495485 0.64829040215534295 1.8553681180495076 0.49268732892068301
8.7631420617764526 0.21324411168484791 1.4281816615841074 0.10992124732791081
8.2304894200098744 0.26412020441868822 0.26398143795227202 0.5224475670773796
8.7805645367192895 0.73671690739826834 1.5299123812939492 0.6134769365550462
7.6348256242642494 0.16274593113018618 1.3039183637642651 0.63434296162241655
7.9480866454976971 0.12136710372112205 1.1859264126515887 0.64688495296444082
8.2973719625228437 0.31461912461301345 0.40040786631517022 0.70419210806896748
8.6777964230504026 0.46045352447767673 0.8609747347370672 0.45265739664710669
7.4003065031113717 0.11721798157006431 1.0498680158857614 0.27670119001736881
7.5637609059327282 0.15951565744522034 1.5164490797893533 0.56247834431323418
7.1057594664482728 0.40304047032218049 1.1410634413015326 0.64536335807487677
8.3373585145219931 0.58130382766720945 0.57788706267726886 0.41877475579728363
7.9774579376839831 0.62334505178938726 1.6206236722541549 0.2633763012057494
7.8208128884112966 0.47213848447304929 0.42415919267569024 0.70297569020476658
7.5143528770162993 0.68774178807797948 0.47516316180402585 0.64123152881688272
7.2936035526082366 0.64083237433482021 1.7202722312526448 0.42582155994491577
7.3238417984949225 0.8989736865441017 0.56426634192509384 0.7431049046077951
7.7009153113262316 0.43735654699865389 1.8781770824213533 0.64841472437545966
7.5410502998821949 0.51720356710665971 1.0046618550904507 0.12609718413322454
7.3860489165417036 0.65067812456433138 1.9132296743974597 0.57745462147987558
8.9036499364488311 0.69570431705631408 0.24783329725277484 0.17652767962198476
7.6255403676114879 0.57827460751757542 1.1687924260147653 0.11413128068377058
8.0692218741515145 0.53079088640945837 0.21423455077999726 0.69165966755258201
7.0059408054903862 0.49140531791159048 1.8607088174227819 0.66976013854742122
8.6586833125361906 0.85371754707658865 0.37927051353581942 0.37551031015432623
8.9011192872492835 0.18442536058393283 0.89852176597520794 0.6640500396622262
7.8888722866930312 0.36848991032453038 1.5202657955838577 0.18414372995020756
7.7347685429001887 0.77766781997207601 0.9039764581402937 0.44048019158374729
7.6007487366795816 0.69104244085542854 1.1491739605888993 0.12396524682509828
8.1694292218595344 0.25431793253885293 0.53062167085366696 0.23146069269040076
8.2822207296498718 0.66580264992175819 1.579210942019097 0.5899010203795908
8.311840040946203 0.22814672851324866 1.2718793708107585 0.51802337386471498
7.5030891987158501 0.77910307345150764 1.7511279244308213 0.30529841105839584
8.6317802510846811 0.50948920437440981 0.97906719739175307 0.21068731021485332
8.457186017790761 0.75353712202176337 0.28683001456068435 0.47009836438753816
7.3533424863126857 0.18505810491065852 1.8455117176253903 0.26797364924130135
7.251856650883922 0.88956260412225063 1.4457793209039742 0.27809742339713567
8.7027779171829494 0.89749006916166107 0.7723814793562096 0.55540834546329576
8.2002871587402826 0.72478279528198619 0.80958414043009108 0.38011444224230928
7.8823639719008494 0.36211812458530801 0.43682108874028858 0.27934787063327815
8.8931337413275156 0.84965665865774087 0.2826710829780047 0.13117115869897941
8.9837936934737321 0.84809270839863393 1.3797255250458051 0.68363658047016584
7.0118947247178367 0.33000488461786481 0.23796565955162238 0.18932588735084102
7.0740305092939089 0.41540760563945811 1.3998151324739878 0.599493567229197
8.5395156359700071 0.72717446307741951 1.0253626548401222 0.7328274319378002
8.8105371061973141 0.83518923060418304 0.93670720567853294 0.51645349490553416
8.2983601513311704 0.60092754300791074 1.1874465530358078 0.50246170522040212
7.4119181605651558 0.33731159607223571 1.7741857980532278 0.17503766585604025
8.757823179406671 0.57702793923657369 1.4121388546629166 0.28206248433923098
8.639228676921169 0.84635371837899165 0.76781826002960307 0.26863908471513553
7.9533154579335967 0.61452831448235323 1.5061707994653544 0.26567898205257984
8.6240035122400975 0.66205126506014156 0.90166417207950933 0.39939752974733111
7.0255215121103891 0.11947954201206228 0.61390330833474771 0.12926105948334746
8.1336484159575448 0.85451113078935514 1.7487888833121077 0.44392958157992968
7.5337957576359837 0.78862560069588228 1.3142613213318028 0.71382630028920602
7.6412827382718778 0.89634290348868839 1.0689524263581325 0.65390485321935155
7.3268622513028259 0.59382994319223403 1.7638270644740563 0.29284671116063193
8.8679800157584232 0.4226513109756922 0.28220217780237733 0.453238302231876
8.1359148257933462 0.44264556966466528 0.2488899981318918 0.70797933666203705
7.8367344749170744 0.35666375164827613 1.6030093513457797 0.70841607492959535
8.4325727461962714 0.56949721936501385 0.20058492602273195 0.12284523813264306
8.0368720220671754 0.50394614547135064 0.50750010262306799 0.65551049268155526
7.3450531569498168 0.69674922360768488 1.2422842418366757 0.38458757148362954
8.5290551755791864 0.3008355452306225 1.8047941694609155 0.5784954744474764
8.5343268865926838 0.59701205655539591 1.3302584934339765 0.62706873208326774
7.4510579987542505 0.62480283888273824 1.4062863753776633 0.41770086352031077
8.4907997269364799 0.24016171633211086 0.16754479200595876 0.69687841178482268
7.6721411696416961 0.15472529337940324 0.81245867121489712 0.10540186605774843
7.0727720278959056 0.74616367887994473 1.6293697663635165 0.32953638142542474
8.4586379893800139 0.43074041268131646 0.45195821735032793 0.31839506043172533
8.4844225453516557 0.52607996161247905 1.5153307066484611 0.60083627405632922
7.8648830643370689 0.24483700562618882 0.13051287802968009 0.45715601501740244
7.1192432345752561 0.7410794961203756 0.41404409883083937 0.36908077668064998
7.8476434745544346 0.19724348291132993 1.8301672619329183 0.12812701648613908
7.6855662927720427 0.19006498407210035 1.0465182745272112 0.33687386872747721
8.3307057975474486 0.63792979321088761 1.234813685633831 0.59145288502658888
7.8541733663006035 0.40652447808678338 1.4242135160794429 0.76608518020586569
7.7786207064600958 0.70607509395141876 1.0598330264579534 0.48616452952783007
7.9095263164759277 0.4555692956185039 0.37522772195088583 0.358720977745701
8.813178248173422 0.18860547239851405 1.0784185549905085 0.49720024170709887
7.7593847070026261 0.37151015505165597 1.7667686665989744 0.73047545605334485
7.8931948283143356 0.46329438956952163 0.46998305955625963 0.2714977368439514
7.0794671887745633 0.57488867403512478 0.38656798062231734 0.37594386491272502
8.1800520752742258 0.34356381364976085 1.9585864337286367 0.32814813761047906
7.4063441919298407 0.31874434538487428 1.4429971125451473 0.22067750301517958
8.5082877944245361 0.71165334805058256 1.6881967917159237 0.10014048436750736
8.55267867323548 0.42861213429750389 1.5730734197113672 0.29754761906363814
7.3625959153508358 0.33459012415086331 0.96916278156810021 0.2582736085071089
8.8269123137400758 0.68217074871482075 0.53457338741104654 0.79292684670541469
7.6211761744620921 0.3079004296761082 0.7050340421443807 0.67680328820642355
7.6223309153654437 0.5541266412187541 0.94141481833466534 0.77862034649771861
7.8607917185274108 0.29957358461645978 0.86216058875747792 0.43655395229910809
8.6860430990001962 0.82914305014561196 1.4777352807516517 0.75834589603696012
7.8326781616360721 0.42376259129174998 0.11947160264923748 0.49525997649759124
7.303802202759714 0.28457878285790172 0.46742833031335851 0.45495244422830539
7.5310941006597147 0.66537723275822436 0.91358533313616641 0.55481594342058493
7.4743564706799992 0.44584949821150832 1.4892843550082095 0.57624551576024341
7.6137911848099433 0.58970847072577814 1.1483222312594339 0.48867255484274597
8.9587332740724754 0.23274236371462534 1.9736523808036164 0.49626370596839087
8.8809704069432982 0.69185931960854385 0.35983623933806319 0.59850499509328003
8.0552102443088138 0.19386766513238418 1.2778300496569539 0.76365776411390218
8.9956520538535205 0.38127053445412196 0.63833557093011906 0.64623063177063433
7.0810019090385978 0.67972767463096484 1.1428186331417451 0.22805813845328682
8.7983434357133952 0.50728330903533236 0.35059428860155395 0.54339380932434578
7.3752402169966382 0.6261590444066647 0.83801130454529138 0.52085641195998256
8.8427032196046778 0.28097503232406162 1.2822619838336642 0.21989482156336304
8.5248539270047488 0.35782393206452812 1.8729521579758095 0.68214225030914266
8.0007723915220232 0.78795807336348567 1.5400220419722135 0.166192760585086
7.3326085377566068 0.53688187738551785 0.67168590259021366 0.29690946474586266
